10 0.075000 0.266949 0.146000 0.138418
10 0.538000 0.072034 0.116000 0.138418
10 0.360000 0.364407 0.236000 0.209040
10 0.419000 0.194915 0.246000 0.175141
10 0.218000 0.255650 0.152000 0.290960
10 0.952000 0.203390 0.096000 0.169492
10 0.766000 0.341808 0.088000 0.271186
10 0.848000 0.254237 0.180000 0.276836
10 0.852000 0.104520 0.124000 0.203390
10 0.561000 0.442090 0.298000 0.200565
10 0.610000 0.134181 0.140000 0.262712
10 0.670000 0.204802 0.180000 0.330508
10 0.918000 0.411017 0.164000 0.223164
10 0.249000 0.055085 0.110000 0.104520
10 0.390000 0.059322 0.208000 0.112994
